epoch:0 0.1632  0.339  0.1405  0.023  0.0858  0.1882  0.1529  0.2584  0.265  0.0354  0.1849  0.297  0.4266  0.005
epoch:1 0.2264  0.4415  0.2095  0.0327  0.1493  0.2591  0.1964  0.3259  0.33  0.0534  0.2363  0.3783  0.3279  0.005
epoch:2 0.2451  0.4821  0.227  0.046  0.1634  0.2773  0.2047  0.3405  0.3426  0.0705  0.25  0.3836  0.2954  0.005
epoch:3 0.3229  0.599  0.3148  0.0394  0.2291  0.3672  0.2475  0.417  0.4202  0.0873  0.3339  0.4708  0.2649  0.00165
epoch:4 0.324  0.6046  0.3126  0.0441  0.2335  0.373  0.2512  0.4164  0.4187  0.0886  0.3347  0.4679  0.2571  0.00165
epoch:5 0.3452  0.6345  0.3417  0.057  0.2519  0.3963  0.2627  0.4382  0.4401  0.1043  0.3578  0.4932  0.2525  0.00165
epoch:6 0.357  0.6411  0.3547  0.0592  0.2579  0.4146  0.2709  0.4429  0.4442  0.0981  0.3515  0.5104  0.2373  0.000545
epoch:7 0.374  0.6667  0.3772  0.0711  0.2777  0.4357  0.2776  0.4612  0.463  0.1297  0.3789  0.5336  0.2346  0.000545
epoch:8 0.3625  0.6532  0.3618  0.0528  0.268  0.4189  0.2733  0.4477  0.4492  0.098  0.3618  0.5089  0.2322  0.000545
epoch:9 0.3717  0.6584  0.3773  0.0486  0.2758  0.4333  0.2784  0.452  0.4529  0.0917  0.3629  0.5246  0.2245  0.00018
epoch:10 0.3793  0.6654  0.3869  0.0557  0.282  0.44  0.2814  0.462  0.4629  0.1  0.3726  0.5317  0.2225  0.00018
epoch:11 0.3808  0.6715  0.3861  0.055  0.2832  0.4422  0.2833  0.4626  0.4637  0.1009  0.3758  0.5331  0.221  0.00018
epoch:12 0.3868  0.6799  0.3935  0.0508  0.2891  0.4508  0.285  0.4685  0.4695  0.0964  0.3823  0.5422  0.2174  5.9e-05
epoch:13 0.3844  0.6759  0.3913  0.0482  0.2862  0.4467  0.2845  0.4654  0.4664  0.0951  0.376  0.5375  0.2166  5.9e-05
epoch:14 0.3888  0.6837  0.3939  0.0498  0.2921  0.4506  0.2871  0.4719  0.473  0.0968  0.3858  0.5454  0.2162  5.9e-05
