epoch:0 0.4434  0.7665  0.4615  0.0963  0.3424  0.4849  0.3209  0.5461  0.5484  0.2271  0.4751  0.5834  0.3091  0.005
epoch:1 0.4461  0.7734  0.4679  0.1174  0.3562  0.4912  0.3179  0.5441  0.5464  0.2122  0.4764  0.597  0.2746  0.005
epoch:2 0.436  0.7617  0.4509  0.1077  0.3483  0.4792  0.3119  0.535  0.5374  0.1999  0.4682  0.5789  0.2732  0.005
epoch:3 0.475  0.7976  0.5056  0.1055  0.3778  0.5184  0.331  0.5632  0.5656  0.1956  0.4894  0.606  0.2407  0.00165
epoch:4 0.4657  0.7943  0.484  0.0802  0.3734  0.504  0.3269  0.5573  0.5597  0.2015  0.4912  0.588  0.2323  0.00165
epoch:5 0.4725  0.7949  0.5023  0.0988  0.3739  0.5127  0.329  0.5622  0.5644  0.2284  0.4902  0.5978  0.229  0.00165
epoch:6 0.4887  0.8039  0.529  0.1051  0.4009  0.5299  0.3372  0.5732  0.5745  0.185  0.5046  0.6131  0.2065  0.000545
epoch:7 0.4889  0.8033  0.5281  0.1167  0.3933  0.5382  0.337  0.572  0.5733  0.2006  0.4921  0.6212  0.1963  0.000545
epoch:8 0.4868  0.8012  0.5262  0.1069  0.3966  0.5285  0.3355  0.5695  0.5707  0.1953  0.4931  0.6091  0.19  0.000545
epoch:9 0.4893  0.7993  0.5332  0.1033  0.3999  0.5358  0.3375  0.5707  0.5718  0.1912  0.4969  0.6144  0.1744  0.00018
epoch:10 0.4899  0.7998  0.5318  0.1023  0.3981  0.5373  0.3378  0.5724  0.5734  0.186  0.4958  0.6156  0.1669  0.00018
epoch:11 0.4856  0.7952  0.5269  0.1007  0.3938  0.5395  0.3372  0.5685  0.5694  0.1753  0.4899  0.6174  0.1625  0.00018
epoch:12 0.4883  0.7963  0.5314  0.1008  0.3978  0.5406  0.3381  0.5698  0.5706  0.1737  0.4922  0.6182  0.1545  5.9e-05
epoch:13 0.4856  0.7919  0.5293  0.0991  0.3943  0.54  0.3372  0.5671  0.5678  0.1695  0.488  0.6169  0.1511  5.9e-05
epoch:14 0.4827  0.7915  0.5223  0.1007  0.3929  0.5368  0.3355  0.564  0.5647  0.1744  0.4871  0.6152  0.1488  5.9e-05
