epoch:0 0.1923  0.4275  0.1418  0.0077  0.0884  0.2379  0.1726  0.2951  0.3164  0.051  0.2041  0.3793  0.4029  0.005
epoch:1 0.2311  0.4726  0.2034  0.0053  0.1136  0.2944  0.1986  0.3364  0.3581  0.0445  0.237  0.4331  0.3486  0.005
epoch:2 0.2377  0.4853  0.2046  0.0062  0.1217  0.3051  0.2005  0.3419  0.3617  0.0541  0.2444  0.4456  0.3307  0.005
epoch:3 0.2469  0.501  0.2181  0.0036  0.1261  0.3162  0.2048  0.3468  0.3649  0.0421  0.249  0.4398  0.321  0.005
epoch:4 0.2495  0.5051  0.2199  0.0095  0.1295  0.3176  0.2097  0.3574  0.38  0.0559  0.276  0.4499  0.315  0.005
epoch:5 0.3747  0.7006  0.3626  0.0497  0.2685  0.4409  0.2797  0.4676  0.4711  0.1102  0.3871  0.5389  0.2598  0.005
epoch:6 0.3951  0.7174  0.3923  0.0645  0.2867  0.4546  0.2889  0.4815  0.484  0.1394  0.3896  0.5404  0.2332  0.005
epoch:7 0.3957  0.7347  0.3822  0.0637  0.3044  0.4472  0.2903  0.4848  0.4875  0.1338  0.4175  0.5353  0.2252  0.005
epoch:8 0.4399  0.7591  0.4572  0.0674  0.3384  0.5004  0.3136  0.5161  0.5175  0.1426  0.4355  0.576  0.2033  0.00165
epoch:9 0.4344  0.7618  0.4432  0.0683  0.3343  0.4998  0.3104  0.5139  0.5156  0.1454  0.4383  0.5826  0.199  0.00165
epoch:10 0.4381  0.7582  0.4528  0.0584  0.3402  0.503  0.3107  0.5124  0.5142  0.1328  0.4344  0.5817  0.1983  0.00165
epoch:11 0.4538  0.7714  0.4783  0.0789  0.348  0.516  0.3194  0.5271  0.5285  0.1414  0.4403  0.5892  0.1841  0.000545
epoch:12 0.459  0.7744  0.4837  0.0761  0.3545  0.5269  0.3213  0.5337  0.5348  0.141  0.4503  0.5999  0.1809  0.000545
epoch:13 0.4606  0.7745  0.4875  0.0709  0.357  0.5205  0.3232  0.534  0.5351  0.1443  0.4513  0.5953  0.179  0.000545
epoch:14 0.4689  0.7802  0.5001  0.088  0.364  0.5294  0.3266  0.5402  0.5415  0.1495  0.4553  0.6006  0.1703  0.00018
epoch:15 0.4679  0.7771  0.5008  0.0752  0.3634  0.5284  0.3263  0.5386  0.5396  0.1456  0.4514  0.6037  0.1683  0.00018
epoch:16 0.4674  0.7758  0.4989  0.0813  0.3633  0.5271  0.3258  0.5382  0.5392  0.1372  0.4497  0.6024  0.1671  0.00018
epoch:17 0.472  0.7812  0.5066  0.0829  0.3676  0.5341  0.3282  0.543  0.5441  0.1472  0.4576  0.606  0.1635  5.9e-05
epoch:18 0.4701  0.779  0.5022  0.0787  0.3652  0.5291  0.3271  0.54  0.541  0.1447  0.4538  0.6001  0.1625  5.9e-05
epoch:19 0.4706  0.7801  0.5021  0.0812  0.3664  0.5315  0.3276  0.5412  0.5422  0.1437  0.456  0.6035  0.1617  5.9e-05
epoch:20 0.4716  0.779  0.5059  0.0783  0.3661  0.5344  0.3276  0.5414  0.5423  0.1423  0.4542  0.6074  0.1604  2e-05
epoch:21 0.4707  0.7792  0.5039  0.08  0.3658  0.5321  0.3281  0.5414  0.5425  0.1428  0.4544  0.6047  0.1599  2e-05
epoch:22 0.4722  0.7796  0.5081  0.0813  0.3676  0.5331  0.3282  0.5423  0.5433  0.1477  0.4562  0.6047  0.1598  2e-05
epoch:23 0.4711  0.7786  0.5045  0.0801  0.3646  0.5339  0.3277  0.5411  0.5421  0.1445  0.4526  0.6057  0.1591  6e-06
epoch:24 0.47  0.7764  0.5045  0.079  0.3643  0.5314  0.3273  0.5399  0.5409  0.1428  0.4518  0.6053  0.1591  6e-06
